61
13781
59833
35227
9539
16073
15823
3292905533
255079757
3779513531
4214718439
2956816459
2785238999
1649209663
3805042669
2874649637
9600659161440650819
1125289355009389187
2378274524598763831
1263014810324352441
17325359182208334641
47958080664572309893486298179
4371108172998922930371447151
36073133513356108367916120353
42562585400477692201189136479
453543
6454564
2345678965
768769879879
987643298743234
8367362
435645765842333
205683859364
8487609209547673
7588736
285920496730296533646
398603058309620982311436
93567334
9876324543457687633233
2903049856003094850356633667
2343
49503056843032968303863536
6583065040404546456
143
759830487649583207657653
39585030585683030696
87534
854509305006547645
59498585853830535
84539350963020205863